HR: [0.4947019867549669, 0.5670529801324503, 0.577317880794702, 0.5981788079470198, 0.6056291390728477, 0.6187086092715232, 0.6233443708609272, 0.6240066225165563, 0.6311258278145695, 0.6317880794701987, 0.633112582781457, 0.633112582781457, 0.6349337748344371, 0.6364238410596027, 0.6412251655629139, 0.6367549668874172, 0.6374172185430463, 0.635430463576159, 0.6395695364238411, 0.6341059602649006, 0.6392384105960265, 0.634271523178808, 0.6375827814569537, 0.6364238410596027, 0.6321192052980132, 0.6379139072847683, 0.6355960264900662, 0.6352649006622516, 0.635430463576159, 0.6346026490066226]
NDCG: [0.274967530526298, 0.31999026133196673, 0.3271569007655885, 0.33874204987335493, 0.34494148092863175, 0.35225507813008594, 0.3590658180513711, 0.35973482691992936, 0.3626238451654075, 0.36118653756135716, 0.36327581170047596, 0.36411157021434926, 0.3642428369071523, 0.3645203895902146, 0.36505386817436436, 0.36404757158316275, 0.3642517255878099, 0.3621875985906859, 0.36588595504967397, 0.3648732331392314, 0.36596912908898493, 0.3653360700315158, 0.36587415652666394, 0.36536809219967215, 0.36485242258545336, 0.3647242441905788, 0.3648637631992213, 0.3643800296764072, 0.36494594721909535, 0.3647819333409869]
Loss: [0.37010940590765734, 0.3092770987498317, 0.2943284261627538, 0.28736557376695987, 0.2808966032837616, 0.2774983647493639, 0.27434376161631846, 0.27253554457370205, 0.27141424525712937, 0.270551524223745, 0.2701253279451178, 0.2693474659582456, 0.26889088379083154, 0.2688518375233514, 0.268269756269978, 0.2680612862745536, 0.2678442099998314, 0.26782418020934445, 0.26779494674634413, 0.2675495111921725, 0.2673800358312213, 0.26729810706989465, 0.2671211285767748, 0.2672114822012485, 0.26694383871553484, 0.2666588651171943, 0.2668569842003342, 0.2667036568090812, 0.26670260571625565, 0.2666911951025749]
