HR: [0.48013245033112584, 0.5377483443708609, 0.5667218543046357, 0.5854304635761589, 0.5922185430463576, 0.6038079470198675, 0.6127483443708609, 0.6142384105960265, 0.6144039735099338, 0.6193708609271523, 0.6253311258278146, 0.627317880794702, 0.6269867549668874, 0.6279801324503311, 0.6225165562913907, 0.6336092715231788, 0.6349337748344371, 0.6334437086092716, 0.6365894039735099, 0.6412251655629139, 0.6417218543046358, 0.6352649006622516, 0.6417218543046358, 0.640728476821192, 0.640728476821192, 0.6417218543046358, 0.6433774834437086, 0.6425496688741722, 0.6422185430463576, 0.6405629139072848]
NDCG: [0.26474783870710944, 0.30034632906912473, 0.3160099897706269, 0.32806478793952343, 0.33318766855937354, 0.34287444745867074, 0.3506041044005651, 0.3506431169986955, 0.3546617976006088, 0.356425192925282, 0.3617175167527722, 0.3614525088813094, 0.36131940037915933, 0.3629121530179028, 0.36015708328263335, 0.36671390207460197, 0.3661563658694959, 0.3668138339756533, 0.36870657730674494, 0.3719327831186855, 0.373105620849961, 0.36828417994115176, 0.3706051249621292, 0.371830650876666, 0.3726735343299078, 0.37154971315953933, 0.3720285863185254, 0.37364606486753027, 0.37313029113024565, 0.37313002554739105]
Loss: [0.35194556877509686, 0.32402727172931295, 0.3060866121518488, 0.2964302666799172, 0.28971925566776957, 0.2848711786401273, 0.28104070732664505, 0.27811366143156885, 0.2758669458273658, 0.27393981384723315, 0.272437207655572, 0.2707619514373491, 0.26957132130898115, 0.26858438783561134, 0.2674348253174697, 0.26644079793060044, 0.2654731725083098, 0.2650767079538095, 0.2642632706992682, 0.2635293964176483, 0.2629540065975486, 0.2625490488638555, 0.2619038370753221, 0.26178631017429477, 0.26116107689624024, 0.26046958359054095, 0.26035971915697953, 0.2599813610465731, 0.2596392346345957, 0.25955734702143907]
