HR: [0.4541390728476821, 0.498841059602649, 0.5337748344370861, 0.5518211920529801, 0.5629139072847682, 0.5728476821192053, 0.5675496688741721, 0.5794701986754967, 0.5824503311258278, 0.5821192052980132, 0.5897350993377484, 0.5860927152317881, 0.5966887417218543, 0.5925496688741722, 0.5925496688741722, 0.5933774834437087, 0.5983443708609272, 0.5947019867549669, 0.5985099337748344, 0.596523178807947, 0.6041390728476821, 0.6001655629139073, 0.6026490066225165, 0.605794701986755, 0.6033112582781457, 0.605794701986755, 0.6023178807947019, 0.6018211920529801, 0.6109271523178808, 0.6048013245033113]
NDCG: [0.25373195088418604, 0.2784457286166314, 0.30158873062228725, 0.3089285893566284, 0.315271314959154, 0.3191823864526028, 0.31943770623055634, 0.324202011896535, 0.3241770470870108, 0.3254784382608232, 0.32971966938448827, 0.32788207370450373, 0.3339416979369457, 0.3338667388187361, 0.33352076227594696, 0.3364257592756446, 0.3385849461047026, 0.33524055856129653, 0.3389432348005182, 0.33768698878184905, 0.3415934624101182, 0.34029857899424437, 0.33993648985768615, 0.3424399905927947, 0.3414828599886808, 0.34267578001772525, 0.3403408461024831, 0.3423967310989364, 0.3454919485992618, 0.3420864950813052]
Loss: [0.36049355476103184, 0.3414294711953089, 0.32361222399639067, 0.3138765803506512, 0.30697363694000346, 0.3020869623403469, 0.29870471622357836, 0.29632388798387405, 0.29424403135440585, 0.292624910817798, 0.2912184226947558, 0.2897650021044807, 0.2888909475508575, 0.2880809438882116, 0.287191689622207, 0.28663667368755635, 0.28597871538066316, 0.2857742265752396, 0.28528382144166214, 0.2849724335460329, 0.2847582371543814, 0.2844329266429549, 0.28412993797660796, 0.2840186677353612, 0.28373727449438013, 0.28340071340596373, 0.28329102879084894, 0.28314039965548393, 0.28294811759614863, 0.28298393859868437]
