HR: [0.5531456953642384, 0.6036423841059603, 0.6332781456953642, 0.6513245033112582, 0.6556291390728477, 0.6587748344370861, 0.6721854304635762, 0.6723509933774835, 0.6735099337748345, 0.6789735099337748, 0.6764900662251656, 0.6788079470198676, 0.6658940397350993, 0.6756622516556291, 0.6811258278145695, 0.6720198675496689, 0.6756622516556291, 0.6793046357615894, 0.675, 0.6781456953642384, 0.6706953642384106, 0.6706953642384106, 0.6763245033112583, 0.670364238410596, 0.6647350993377483, 0.6644039735099337, 0.6647350993377483, 0.666887417218543, 0.6572847682119205, 0.6625827814569536]
NDCG: [0.3097721619099165, 0.34142199587676236, 0.3672478580808131, 0.38039910635746577, 0.38660465173262615, 0.39058084374630714, 0.3988114971822494, 0.4025486309553032, 0.39944823221960496, 0.40576661472379055, 0.40394303979630364, 0.40968834480786703, 0.4029433843224826, 0.40650035631260983, 0.40898115576508753, 0.40370422766190905, 0.40683022067855745, 0.40819284576931875, 0.40860610244248696, 0.40987995359232776, 0.40290172244860123, 0.40377743785944953, 0.4083587607825678, 0.4059319485765757, 0.4052085871523247, 0.4015674639267115, 0.4004491297152977, 0.40239378145398713, 0.39992459986118944, 0.40143220390464646]
Loss: [0.3376730099475424, 0.2927181121372074, 0.275145833186275, 0.26511394717654896, 0.2578504241873275, 0.25226798250416377, 0.24754506197236867, 0.24370147353841073, 0.2401945568427009, 0.23703582815842053, 0.2344932921832426, 0.23165575425025547, 0.22933104390140135, 0.22744283006201443, 0.22525174449755167, 0.22346923709412977, 0.22182259253389386, 0.22046436669583339, 0.2190281723371089, 0.21775263691552574, 0.21658262029982384, 0.21536882986708936, 0.21418996803360443, 0.21356660003399477, 0.21235810166332464, 0.21123686579563233, 0.2106157189039599, 0.2095793284654605, 0.20887144948438827, 0.20830420976224012]
