HR: [0.44751655629139075, 0.4508278145695364, 0.44900662251655626, 0.451158940397351, 0.4503311258278146, 0.451158940397351, 0.45347682119205296, 0.4501655629139073, 0.4509933774834437, 0.4503311258278146, 0.44950331125827814, 0.4521523178807947, 0.45314569536423843, 0.45364238410596025, 0.4501655629139073, 0.4506622516556291, 0.4513245033112583, 0.45165562913907287, 0.4503311258278146, 0.4509933774834437, 0.45049668874172183, 0.45264900662251656, 0.452317880794702, 0.4509933774834437, 0.44884105960264903, 0.44966887417218543, 0.4509933774834437, 0.45182119205298016, 0.4543046357615894, 0.4501655629139073]
NDCG: [0.249152843105903, 0.25117343447134094, 0.2506335291543503, 0.25101910209142353, 0.251291635681269, 0.25153428587698373, 0.25294138517695874, 0.25051370733503076, 0.25095577681277753, 0.2514852270651538, 0.2507470261563601, 0.2514558925319608, 0.25241748082165955, 0.2514306789669874, 0.25164370153173715, 0.2511325442073259, 0.2515348042953344, 0.25208417948230416, 0.25166552301510475, 0.2514464390265421, 0.2519748059424098, 0.2531640947139367, 0.2526109294964457, 0.2522322457397972, 0.25159062548161, 0.25156184962658446, 0.2520222833812947, 0.25181393898084686, 0.2526966719985516, 0.2518266631832466]
Loss: [0.3700435210941368, 0.3589355797596174, 0.35841224101164004, 0.35805290901586634, 0.35757396167658523, 0.357493619690172, 0.3574255751176344, 0.357245814879764, 0.35724963781725355, 0.35713313703283933, 0.35720914934866094, 0.35713798850191547, 0.35709073885435766, 0.3570503942013855, 0.3570570455930643, 0.3568305758528587, 0.3569261382005588, 0.35698674803601443, 0.35689237394196227, 0.35678903839562137, 0.35687855204291247, 0.3568652085541684, 0.3567751404107114, 0.3568414578198748, 0.35687856897381776, 0.3566737579624382, 0.3567151268971962, 0.35661225587372086, 0.35664039817927906, 0.35676259770014834]
