HR: [0.5248344370860927, 0.578476821192053, 0.6149006622516556, 0.6326158940397351, 0.6382450331125827, 0.6458609271523179, 0.6503311258278146, 0.6571192052980133, 0.6635761589403973, 0.6655629139072847, 0.6672185430463576, 0.6688741721854304, 0.6665562913907285, 0.6670529801324503, 0.6649006622516557, 0.6690397350993378, 0.6700331125827814, 0.6607615894039736, 0.6735099337748345, 0.6683774834437086, 0.6705298013245033, 0.6725165562913907, 0.6695364238410596, 0.6738410596026491, 0.6731788079470199, 0.6697019867549668, 0.6642384105960265, 0.6713576158940397, 0.6653973509933775, 0.6662251655629139]
NDCG: [0.29315488206740226, 0.32575112668653045, 0.35383950914905044, 0.3667169474395537, 0.3719701605390803, 0.3796273373326143, 0.3827447467654049, 0.3841277376617436, 0.38841051737185583, 0.38949181383401205, 0.38993767436951454, 0.39174070622683915, 0.3925693509511954, 0.39290251469204057, 0.39061647326020404, 0.39184304278682885, 0.393071435361992, 0.38991067081027964, 0.3976036514913838, 0.396673407498085, 0.39711001125126977, 0.39733881209616156, 0.3985408617914848, 0.3969767173934992, 0.39771590221689246, 0.395849224229554, 0.3904390157768741, 0.39574423570795303, 0.394879607736308, 0.39727851329050407]
Loss: [0.345037355715134, 0.3019965479018232, 0.2841222359694196, 0.2743318041013215, 0.2674037036115225, 0.26220318498081274, 0.2580796820009414, 0.2550092682085846, 0.2522297067851065, 0.24991939748345865, 0.24815154486789628, 0.24598756022594018, 0.2444170655747719, 0.24316591565024412, 0.2416341251691076, 0.24061290906044466, 0.2395705324012043, 0.2389417791692871, 0.23776830237319288, 0.23702158572094512, 0.23636121188041687, 0.23565495308407647, 0.2349986670722381, 0.2346402855181543, 0.23393664135569733, 0.23311549516521163, 0.2328266030219105, 0.2322798270764011, 0.23216275431546507, 0.23176014567639508]
