HR: [0.5966887417218543, 0.6355960264900662, 0.6557947019867549, 0.6541390728476821, 0.6698675496688742, 0.6682119205298013, 0.6713576158940397, 0.6751655629139073, 0.6728476821192053, 0.6735099337748345, 0.6788079470198676, 0.678476821192053, 0.6776490066225166, 0.6804635761589404, 0.6779801324503312, 0.6769867549668874, 0.6831125827814569, 0.6824503311258279, 0.6826158940397351, 0.6811258278145695, 0.6779801324503312, 0.6788079470198676, 0.6806291390728477, 0.6758278145695364, 0.6778145695364238, 0.677317880794702, 0.6723509933774835, 0.6746688741721855, 0.6781456953642384, 0.678476821192053]
NDCG: [0.33837550304768976, 0.3664243553036789, 0.37897362749695773, 0.38443092017156255, 0.3957281712148819, 0.3942583896735027, 0.3978498861209753, 0.4003738940310645, 0.3995967079741244, 0.40112371089913346, 0.40372466237191484, 0.40164386117232503, 0.40410237040561414, 0.40686188166477344, 0.40699016397597193, 0.4034580078659081, 0.4057498311178894, 0.40479788605144046, 0.40767099856996625, 0.40653159588658877, 0.40799622350583414, 0.4060923530837383, 0.40826045405185385, 0.40435378874916733, 0.4050251048222298, 0.40627687866966394, 0.4028779317425838, 0.40657580425882517, 0.40514346288495146, 0.40749455150106717]
Loss: [0.3183571501249498, 0.2760716122158316, 0.26524938927910235, 0.25950386623592675, 0.2556026678807471, 0.2523723647139605, 0.24964546368795315, 0.2473542905053956, 0.24517342427591793, 0.2430366324505436, 0.24143150098792973, 0.2392985433327027, 0.23783223784578264, 0.2364014641535566, 0.2350399156136252, 0.23390029211705002, 0.23279270242513275, 0.23197156089922158, 0.23099778700634901, 0.23007870344269568, 0.22930906788673444, 0.2285878776637585, 0.22772445643388017, 0.2273063321564013, 0.226541654190985, 0.22570934966904874, 0.22542833420335295, 0.22481333374829773, 0.2244405415611669, 0.22408739382776938]
