HR: [0.6798013245033112, 0.6791390728476822, 0.6786423841059602, 0.678476821192053, 0.6786423841059602, 0.6779801324503312, 0.6774834437086092, 0.6774834437086092, 0.6754966887417219, 0.6751655629139073, 0.6753311258278145, 0.6754966887417219, 0.6748344370860927, 0.6754966887417219, 0.6759933774834437, 0.6754966887417219, 0.6751655629139073, 0.6753311258278145, 0.6746688741721855, 0.6745033112582781, 0.6756622516556291, 0.6740066225165563, 0.6741721854304635, 0.6736754966887417, 0.6746688741721855, 0.6746688741721855, 0.6746688741721855, 0.6738410596026491, 0.6748344370860927, 0.6745033112582781]
NDCG: [0.4005092059968726, 0.39846767249176035, 0.39869796591160456, 0.39866916821075704, 0.3991638231638121, 0.3990193801192351, 0.3984155517167698, 0.39861687621978337, 0.39751185287628454, 0.39755163168253366, 0.3974993195324243, 0.3979225300922837, 0.39811101169906, 0.39768053651613805, 0.39803643279301343, 0.3979834220324219, 0.3975269670779837, 0.39735402444612106, 0.3975474206125109, 0.39732400068830404, 0.3974052503578266, 0.39668398363021, 0.39683440737653625, 0.3964013501710194, 0.3964109418062684, 0.3971223919321415, 0.3974502127238589, 0.3969747591615316, 0.3972324308424959, 0.3972717929691762]
Loss: [0.23005356800238178, 0.22835073134016703, 0.22768370961914877, 0.22729368308033973, 0.2268667931157475, 0.22662662485232068, 0.2263962248755982, 0.22636304576460606, 0.2262797580109325, 0.22611974737022672, 0.22619335864148654, 0.22585835822908085, 0.22560839515030906, 0.22569047044611565, 0.22521629540629753, 0.22547685096030967, 0.22531083845525277, 0.2254983037203713, 0.2250553601461608, 0.22495460219298336, 0.22484791347443694, 0.224422408339031, 0.22350941121214474, 0.22080444657743648, 0.22586823757962338, 0.22553763306540556, 0.22571638692582854, 0.22566766607176938, 0.22583236771282042, 0.22588132292788887]
